соотношение		разрешение	диаг	Мпикс	назв	монитор
3	4	0,75	3	4	5			
3	4	0,75	1200	1600	2000	1,8		
								
4	5	0,8	4	5	6			
4	5	0,8	2048	2560	3278	5,0		
								
5	4	1,25	5	4	6			
5	4	1,25	1280	1024	1639	1,3		
5	4	1,25	2560	2048	3278	5,0		
								
4	3	1,33333	4	3	5			
4	3	1,33333	800	600	1000	0,5		
4	3	1,33333	1024	768	1280	0,8		
4	3	1,33333	1600	1200	2000	1,8		
4	3	1,33333	2048	1536	2560	3,0		ноут
---------------------------					
3	2	1,5	1536	1024	1846	1,5		ноут
3	2	1,5	1920	1280	2308	2,3		ноут
3	2	1,5	2160	1440	2596	3,0		ноут
3	2	1,5	2256	1504	2711	3,2		ноут
3	2	1,5	2400	1600	2884	3,7		ноут
3	2	1,5	2496	1664	3000	4,0		ноут
3	2	1,5	3000	2000	3606	5,7		ноут
3	2	1,5	3240	2160	3894	6,7		ноут
3	2	1,50000	3300	2200	3966	6,9		ноут
						
16	10	1,6	16	10	19			
16	10	1,6	1280	800	1509	1,0		
16	10	1,6	1440	900	1698	1,2		
16	10	1,6	1680	1050	1981	1,7		
16	10	1,6	1920	1200	2264	2,2
16	10	1,6	2160	1350	2547	2,8		ноут
16	10	1,6	2304	1440	2717	3,2		ноут
16	10	1,6	2560	1600	3019	3,9		ноут
16	10	1,6	2880	1800	3396	4,9		ноут
16	10	1,6	3072	1920	3623	5,6		ноут
16	10	1,6	3840	2400	4528	8,8		
								
15	9	1,66667	15	9	17			
15	9	1,66667	800	480	933	0,4		
15	9	1,70667	1024	600	1187	0,6		ноут
15	9	1,66667	1280	768	1493	0,9		
								
16	9	1,77778	16	9	18			
16	9	1,77865	1366	768	1567	1,0		
16	9	1,77778	1600	900	1836	1,4		
16	9	1,77778	1920	1080	2203	2,0	FHD 2K	
16	9	1,77778	2560	1440	2937	3,5	WQHD2,5K
16	9	1,77778	3200	1800	3672	5,5		ноут
16	9	1,77778	3840	2160	4406	7,9	UHD 4K	
16	9	1,77778	4096	2304	4700	9,0	4K	mac моноблок
16	9	1,77778	5120	2880	5874	14,1	5K	
16	9	1,77778	6016	3384	6902	19,4	~ 6K	
16	9	1,77778	7680	4320	8812	31,6	UHD 8K	
								
17	9	1,88889	17	9	19			
17	9	1,89630	4096	2160	4631	8,4	~ 4K	
---------------------------					
21	9	2,33333	21	9	23			
21	9	2,37037	2560	1080	2778	2,6		
21	9	2,37037	5120	2160	5557	10,5		
21	9	2,38889	3440	1440	3729	4,7		
								
24	10	2,4	24	10	26			
24	10	2,4	3840	1600	4160	5,9		
								
32	10	3,2	32	10	34			
32	10	3,2	3840	1200	4023	4,4		
								
32	9	3,55556	32	9	33			
32	9	3,55556	3840	1080	3989	4,0		
32	9	3,55556	5120	1440	5319	7,0		
==================================================

						дп	дд	ппд	ц	(мон без дин)
0,4		15	9	800	480	933	7	133	8,5	
1,0		16	10	1280	800	1509	10,1	149	6,5	дин
0,9		15	9	1280	768	1493	10,1	147	33	дин
1,0		16	9	1366	768	1567	15,6	100	13	
1,0		16	9	1366	768	1567	15,6	100	21	дин
1,2		16	10	1440	900	1698	19,45	 87	8,4	мерц?

1,4		16	9	1600	900	1836	19,5	 94	6,7	
1,7		16	10	1680	1050	1981	22	 90	11	
2,0	FHD  2K	16	9	1920	1080	2203	24	 91	7	

2,0	FHD  2K	16	9	1920	1080	2203	22	100	8	кол <-----

3,5	WQHD2.5K16	9	2560	1440	2937	24	122	14,5	
3,5	WQHD2.5K16	9	2560	1440	2937	24	122	16	кол

2,0	FHD  2K	16	9	1920	1080	2203	15,6	141	17	
2,0	FHD  2K	16	9	1920	1080	2203	15,6	141	25	кол

7,9	UHD1 4K	16	9	3840	2160	4406	28	157	16	
7,9	UHD1 4K	16	9	3840	2160	4406	28	157	19	кол

7,9	UHD1 4K	16	9	3840	2160	4406	27	163	23,5	
7,9	UHD1 4K	16	9	3840	2160	4406	27	163	24,5	кол

7,9	UHD1 4K	16	9	3840	2160	4406	24	183	39	
7,9	UHD1 4K	16	9	3840	2160	4406	24	183	61	кол
7,9	UHD1 4K	16	9	3840	2160	4406	24	183	65	моноблок lenovo

9	4K	16	9	4096	2304	4699	21.5	218	116	моноблок mac
14,1	5K	16	9	5120	2880	5874	27	217	108	
14,1	5K	16	9	5120	2880	5874	27	217	131	моноблок mac
19,4		16	9	6016	3384	6902	32	215	369	

31,6	UHD2 8K	16	9	7680	4320	8812	31,5	279	395	

------------------------------------------------------------------------------------------------
31,6	UHD2 8K	16	9	7680	4320	8812	20	440		...
7,9	UHD1 4K	16	9	3840	2160	4406	10	440    		...
2,0	FHD  2K	16	9	1920	1080	2203	5	440    		телефон
-------------------------------------------------------------------------------------------------
соотношение		разрешение	диаг	Мпикс	назв	диаг	ппд	ц	ноут
16	10	1,6	1920	1200	2264	2,2		11	206
16	9	1,77778	1920	1080	2203	2	FHD 2K	11	200
16	10	1,6	1280	800	1509	1		11	137
15	9	1,70667	1024	600	1187	0,6		11	108




						10,5	11,5	12,5	13,5	14,5	15,5	16,5	18
1,70667	1024	600	1187	0,6		samsung 7							
1,33333	1024	768	1280	0,8					panasonic 47				
1,60000	1280	800	1509	1,0		digma 13		dell 56	dell 8	samsung 59			
1,25000	1280	1024	1639	1,3									
1,77865	1366	768	1567	1,0			asus 22	HP 13	sony 22	asus 6			
1,60000	1440	900	1698	1,2					mac 31	dell 7			
1,50000	1536	1024	1846	1,5				microsoft 58					
1,77778	1600	900	1836	1,4						dell 25			
1,77778	1920	1080	2203	2,0		panasonic 257	acer 25	asus 30	digma 11	digma 8			
1,60000	1920	1200	2264	2,2		digma 15			lenovo 70	dell 74			
1,50000	1920	1280	2308	2,3					HP 100				
1,33333	2048	1536	2560	3,0					lenovo 330				
1,60000	2160	1350	2547	2,8					lenovo 122				
1,50000	2160	1440	2596	3,0				panasonic 360	huawei 63				
1,50000	2256	1504	2711	3,2					acer 54				
1,60000	2304	1440	2717	3,2									
1,50000	2400	1600	2884	3,7				google 82					
1,50000	2496	1664	3000	4,0									
1,77778	2560	1440	2937	3,5						HP 48			
1,60000	2560	1600	3019	3,9					xiaomi 54	dell 74			
1,60000	2880	1800	3396	4,9									
1,50000	3000	2000	3606	5,7					irbis 26				
1,60000	3072	1920	3623	5,6									
1,77778	3200	1800	3672	5,5					asus 63				
1,50000	3240	2160	3894	6,7					google 92				
1,50000	3300	2200	3966	6,9					asus 106				
1,77778	3840	2160	4406	7,9					asus 72				
1,60000	3840	2400	4528	8,8					dell 151				
													





direct2d1.1,skia




