$ 1 0.000005 10.20027730826997 55 5 50
t 368 224 416 224 0 1 -2.831267014633376 0.606026250083047 100
t 416 272 368 272 0 1 -0.606026250083047 0.6333349122355009 100
v 224 336 224 48 0 0 40 10 0 0 0.5
r 272 48 272 112 0 10
r 272 176 272 336 0 10
174 272 112 272 160 1 1000 0.3119 Resistance
w 224 48 272 48 0
w 224 336 272 336 0
r 368 224 368 144 0 1000
w 368 288 368 336 0
w 368 224 368 256 0
w 416 240 416 272 0
w 368 336 416 336 0
174 416 272 416 336 1 1000 0.4307 Resistance
w 432 304 432 336 0
w 416 336 432 336 0
370 368 144 416 144 1 0
p 320 144 320 336 1 0
w 272 336 320 336 0
w 320 336 368 336 0
w 288 144 320 144 0
w 320 144 368 144 0
174 416 144 416 192 1 1000 0.005 Resistance
w 432 176 432 144 0
w 432 144 416 144 0
